<!DOCTYPE html>
<!-- Generated by pkgdown: do not edit by hand --><html lang="en"><head><meta http-equiv="Content-Type" content="text/html; charset=UTF-8"><meta charset="utf-8"><meta http-equiv="X-UA-Compatible" content="IE=edge"><meta name="viewport" content="width=device-width, initial-scale=1, shrink-to-fit=no"><meta name="description" content='Sort a "timeSeries" object with respect to its time stamps.'><title>Sort a 'timeSeries' by time stamps — sort • timeSeries</title><script src="../deps/jquery-3.6.0/jquery-3.6.0.min.js"></script><meta name="viewport" content="width=device-width, initial-scale=1, shrink-to-fit=no"><link href="../deps/bootstrap-5.2.2/bootstrap.min.css" rel="stylesheet"><script src="../deps/bootstrap-5.2.2/bootstrap.bundle.min.js"></script><!-- Font Awesome icons --><link rel="stylesheet" href="https://cdnjs.cloudflare.com/ajax/libs/font-awesome/5.12.1/css/all.min.css" integrity="sha256-mmgLkCYLUQbXn0B1SRqzHar6dCnv9oZFPEC1g1cwlkk=" crossorigin="anonymous"><link rel="stylesheet" href="https://cdnjs.cloudflare.com/ajax/libs/font-awesome/5.12.1/css/v4-shims.min.css" integrity="sha256-wZjR52fzng1pJHwx4aV2AO3yyTOXrcDW7jBpJtTwVxw=" crossorigin="anonymous"><!-- bootstrap-toc --><script src="https://cdn.jsdelivr.net/gh/afeld/bootstrap-toc@v1.0.1/dist/bootstrap-toc.min.js" integrity="sha256-4veVQbu7//Lk5TSmc7YV48MxtMy98e26cf5MrgZYnwo=" crossorigin="anonymous"></script><!-- headroom.js --><script src="https://cdnjs.cloudflare.com/ajax/libs/headroom/0.11.0/headroom.min.js" integrity="sha256-AsUX4SJE1+yuDu5+mAVzJbuYNPHj/WroHuZ8Ir/CkE0=" crossorigin="anonymous"></script><script src="https://cdnjs.cloudflare.com/ajax/libs/headroom/0.11.0/jQuery.headroom.min.js" integrity="sha256-ZX/yNShbjqsohH1k95liqY9Gd8uOiE1S4vZc+9KQ1K4=" crossorigin="anonymous"></script><!-- clipboard.js --><script src="https://cdnjs.cloudflare.com/ajax/libs/clipboard.js/2.0.6/clipboard.min.js" integrity="sha256-inc5kl9MA1hkeYUt+EC3BhlIgyp/2jDIyBLS6k3UxPI=" crossorigin="anonymous"></script><!-- search --><script src="https://cdnjs.cloudflare.com/ajax/libs/fuse.js/6.4.6/fuse.js" integrity="sha512-zv6Ywkjyktsohkbp9bb45V6tEMoWhzFzXis+LrMehmJZZSys19Yxf1dopHx7WzIKxr5tK2dVcYmaCk2uqdjF4A==" crossorigin="anonymous"></script><script src="https://cdnjs.cloudflare.com/ajax/libs/autocomplete.js/0.38.0/autocomplete.jquery.min.js" integrity="sha512-GU9ayf+66Xx2TmpxqJpliWbT5PiGYxpaG8rfnBEk1LL8l1KGkRShhngwdXK1UgqhAzWpZHSiYPc09/NwDQIGyg==" crossorigin="anonymous"></script><script src="https://cdnjs.cloudflare.com/ajax/libs/mark.js/8.11.1/mark.min.js" integrity="sha512-5CYOlHXGh6QpOFA/TeTylKLWfB3ftPsde7AnmhuitiTX4K5SqCLBeKro6sPS8ilsz1Q4NRx3v8Ko2IBiszzdww==" crossorigin="anonymous"></script><!-- pkgdown --><script src="../pkgdown.js"></script><meta property="og:title" content="Sort a 'timeSeries' by time stamps — sort"><meta property="og:description" content='Sort a "timeSeries" object with respect to its time stamps.'><!-- mathjax --><script src="https://cdnjs.cloudflare.com/ajax/libs/mathjax/2.7.5/MathJax.js" integrity="sha256-nvJJv9wWKEm88qvoQl9ekL2J+k/RWIsaSScxxlsrv8k=" crossorigin="anonymous"></script><script src="https://cdnjs.cloudflare.com/ajax/libs/mathjax/2.7.5/config/TeX-AMS-MML_HTMLorMML.js" integrity="sha256-84DKXVJXs0/F8OTMzX4UR909+jtl4G7SPypPavF+GfA=" crossorigin="anonymous"></script><!--[if lt IE 9]>
<script src="https://oss.maxcdn.com/html5shiv/3.7.3/html5shiv.min.js"></script>
<script src="https://oss.maxcdn.com/respond/1.4.2/respond.min.js"></script>
<![endif]--></head><body>
    <a href="#main" class="visually-hidden-focusable">Skip to contents</a>
    

    <nav class="navbar fixed-top navbar-light navbar-expand-lg bg-light"><div class="container">
    
    <a class="navbar-brand me-2" href="../index.html">timeSeries</a>

    <small class="nav-text text-muted me-auto" data-bs-toggle="tooltip" data-bs-placement="bottom" title="">4030.106.9000</small>

    
    <button class="navbar-toggler" type="button" data-bs-toggle="collapse" data-bs-target="#navbar" aria-controls="navbar" aria-expanded="false" aria-label="Toggle navigation">
      <span class="navbar-toggler-icon"></span>
    </button>

    <div id="navbar" class="collapse navbar-collapse ms-3">
      <ul class="navbar-nav me-auto"><li class="active nav-item">
  <a class="nav-link" href="../reference/index.html">Reference</a>
</li>
<li class="nav-item">
  <a class="nav-link" href="../news/index.html">Changelog</a>
</li>
      </ul><form class="form-inline my-2 my-lg-0" role="search">
        <input type="search" class="form-control me-sm-2" aria-label="Toggle navigation" name="search-input" data-search-index="../search.json" id="search-input" placeholder="Search for" autocomplete="off"></form>

      <ul class="navbar-nav"></ul></div>

    
  </div>
</nav><div class="container template-reference-topic">
<div class="row">
  <main id="main" class="col-md-9"><div class="page-header">
      <img src="" class="logo" alt=""><h1>Sort a 'timeSeries' by time stamps</h1>
      
      <div class="d-none name"><code>base-sort.Rd</code></div>
    </div>

    <div class="ref-description section level2">
    <p>Sort a <code>"timeSeries"</code> object with respect to its time stamps.</p>
    </div>

    <div class="section level2">
    <h2 id="ref-usage">Usage<a class="anchor" aria-label="anchor" href="#ref-usage"></a></h2>
    <div class="sourceCode"><pre class="sourceCode r"><code><span><span class="co"># S4 method for timeSeries</span></span>
<span><span class="fu">sort</span><span class="op">(</span><span class="va">x</span>, decreasing <span class="op">=</span> <span class="cn">FALSE</span>, <span class="va">...</span><span class="op">)</span></span>
<span></span>
<span><span class="co"># S4 method for timeSeries</span></span>
<span><span class="fu">is.unsorted</span><span class="op">(</span><span class="va">x</span>, na.rm <span class="op">=</span> <span class="cn">FALSE</span>, strictly <span class="op">=</span> <span class="cn">FALSE</span><span class="op">)</span></span></code></pre></div>
    </div>

    <div class="section level2">
    <h2 id="arguments">Arguments<a class="anchor" aria-label="anchor" href="#arguments"></a></h2>
    <dl><dt>x</dt>
<dd><p>a <code>"timeSeries"</code> object.</p></dd>

  <dt>decreasing</dt>
<dd><p>a logical flag. Should we sort in increasing or decreasing order?
    By default <code>FALSE</code>.</p></dd>

  <dt>na.rm</dt>
<dd><p>a logical value, should missing values be removed?</p></dd>

  <dt>strictly</dt>
<dd><p>logical indicating if the check should be for strictly increasing
    values.</p></dd>

  <dt>...</dt>
<dd><p>optional arguments passed to other methods.</p></dd>

</dl></div>
    <div class="section level2">
    <h2 id="details">Details<a class="anchor" aria-label="anchor" href="#details"></a></h2>
    

<p>Sorts a time series either in increasing or decreasing time stamp
  order. Internally the function <code>order</code> from R's base package is
  used. <code>order</code> generates a permutation which rearranges the time
  stamps in ascending or descending order.</p>    
<p>To find out if the series is unsorted, use <code>is.unsorted</code>.</p>
    </div>
    <div class="section level2">
    <h2 id="value">Value<a class="anchor" aria-label="anchor" href="#value"></a></h2>
    

<p>for <code>sort</code>, a <code>"timeSeries"</code> object,</p>


<p>for the <code>is.unsorted</code> method, <code>TRUE</code> or <code>FALSE</code></p>


    </div>

    <div class="section level2">
    <h2 id="ref-examples">Examples<a class="anchor" aria-label="anchor" href="#ref-examples"></a></h2>
    <div class="sourceCode"><pre class="sourceCode r"><code><span class="r-in"><span><span class="co">## Monthly Calendar Series -    </span></span></span>
<span class="r-in"><span>   <span class="va">x</span> <span class="op">&lt;-</span> <span class="fu"><a href="fin-align.html">daily2monthly</a></span><span class="op">(</span><span class="va">LPP2005REC</span><span class="op">[</span>, <span class="fl">1</span><span class="op">:</span><span class="fl">2</span><span class="op">]</span><span class="op">)</span><span class="op">[</span><span class="fl">3</span><span class="op">:</span><span class="fl">14</span>, <span class="op">]</span></span></span>
<span class="r-in"><span>   </span></span>
<span class="r-in"><span><span class="fu"><a href="https://rdrr.io/r/base/Random.html" class="external-link">set.seed</a></span><span class="op">(</span><span class="fl">1234</span><span class="op">)</span></span></span>
<span class="r-in"><span><span class="co">## Resample the Series with respect to the time stamps -    </span></span></span>
<span class="r-in"><span>   <span class="va">resampled</span> <span class="op">&lt;-</span> <span class="fu"><a href="base-sample.html">sample</a></span><span class="op">(</span><span class="va">x</span><span class="op">)</span></span></span>
<span class="r-in"><span>   <span class="va">resampled</span></span></span>
<span class="r-out co"><span class="r-pr">#&gt;</span> GMT</span>
<span class="r-out co"><span class="r-pr">#&gt;</span>                     SBI          SPI</span>
<span class="r-out co"><span class="r-pr">#&gt;</span> 2006-12-31  0.001144121 -0.001101976</span>
<span class="r-out co"><span class="r-pr">#&gt;</span> 2006-10-31  0.002819157 -0.008238610</span>
<span class="r-out co"><span class="r-pr">#&gt;</span> 2006-06-30 -0.000548353  0.014473814</span>
<span class="r-out co"><span class="r-pr">#&gt;</span> 2006-05-31  0.000233945  0.009323326</span>
<span class="r-out co"><span class="r-pr">#&gt;</span> 2006-04-30  0.001330360 -0.002943741</span>
<span class="r-out co"><span class="r-pr">#&gt;</span> 2006-07-31  0.000077800  0.000267236</span>
<span class="r-out co"><span class="r-pr">#&gt;</span> 2006-01-31 -0.000152952  0.002736095</span>
<span class="r-out co"><span class="r-pr">#&gt;</span> 2006-09-30 -0.001218862  0.001409431</span>
<span class="r-out co"><span class="r-pr">#&gt;</span> 2006-02-28  0.001071074 -0.011956984</span>
<span class="r-out co"><span class="r-pr">#&gt;</span> 2006-08-31  0.000921518 -0.001466397</span>
<span class="r-out co"><span class="r-pr">#&gt;</span> 2006-11-30  0.000453412 -0.008646808</span>
<span class="r-out co"><span class="r-pr">#&gt;</span> 2006-03-31  0.000232369 -0.000929251</span>
<span class="r-in"><span>   <span class="fu">is.unsorted</span><span class="op">(</span><span class="va">resampled</span><span class="op">)</span></span></span>
<span class="r-out co"><span class="r-pr">#&gt;</span> [1] TRUE</span>
<span class="r-in"><span>   </span></span>
<span class="r-in"><span><span class="co">## Now sort the serie in decreasing time order - </span></span></span>
<span class="r-in"><span>   <span class="va">sorted</span> <span class="op">&lt;-</span> <span class="fu">sort</span><span class="op">(</span><span class="va">resampled</span>, , decreasing <span class="op">=</span> <span class="cn">TRUE</span><span class="op">)</span></span></span>
<span class="r-in"><span>   <span class="va">sorted</span></span></span>
<span class="r-out co"><span class="r-pr">#&gt;</span> GMT</span>
<span class="r-out co"><span class="r-pr">#&gt;</span>                     SBI          SPI</span>
<span class="r-out co"><span class="r-pr">#&gt;</span> 2006-12-31  0.001144121 -0.001101976</span>
<span class="r-out co"><span class="r-pr">#&gt;</span> 2006-11-30  0.000453412 -0.008646808</span>
<span class="r-out co"><span class="r-pr">#&gt;</span> 2006-10-31  0.002819157 -0.008238610</span>
<span class="r-out co"><span class="r-pr">#&gt;</span> 2006-09-30 -0.001218862  0.001409431</span>
<span class="r-out co"><span class="r-pr">#&gt;</span> 2006-08-31  0.000921518 -0.001466397</span>
<span class="r-out co"><span class="r-pr">#&gt;</span> 2006-07-31  0.000077800  0.000267236</span>
<span class="r-out co"><span class="r-pr">#&gt;</span> 2006-06-30 -0.000548353  0.014473814</span>
<span class="r-out co"><span class="r-pr">#&gt;</span> 2006-05-31  0.000233945  0.009323326</span>
<span class="r-out co"><span class="r-pr">#&gt;</span> 2006-04-30  0.001330360 -0.002943741</span>
<span class="r-out co"><span class="r-pr">#&gt;</span> 2006-03-31  0.000232369 -0.000929251</span>
<span class="r-out co"><span class="r-pr">#&gt;</span> 2006-02-28  0.001071074 -0.011956984</span>
<span class="r-out co"><span class="r-pr">#&gt;</span> 2006-01-31 -0.000152952  0.002736095</span>
<span class="r-in"><span>   <span class="fu">is.unsorted</span><span class="op">(</span><span class="va">sorted</span><span class="op">)</span></span></span>
<span class="r-out co"><span class="r-pr">#&gt;</span> [1] TRUE</span>
<span class="r-in"><span>   </span></span>
<span class="r-in"><span><span class="co">## Is the reverted series ordered? - </span></span></span>
<span class="r-in"><span>   <span class="va">reverted</span> <span class="op">&lt;-</span> <span class="fu"><a href="https://rdrr.io/r/base/rev.html" class="external-link">rev</a></span><span class="op">(</span><span class="va">sorted</span><span class="op">)</span></span></span>
<span class="r-in"><span>   <span class="va">reverted</span></span></span>
<span class="r-out co"><span class="r-pr">#&gt;</span> GMT</span>
<span class="r-out co"><span class="r-pr">#&gt;</span>                     SBI          SPI</span>
<span class="r-out co"><span class="r-pr">#&gt;</span> 2006-01-31 -0.000152952  0.002736095</span>
<span class="r-out co"><span class="r-pr">#&gt;</span> 2006-02-28  0.001071074 -0.011956984</span>
<span class="r-out co"><span class="r-pr">#&gt;</span> 2006-03-31  0.000232369 -0.000929251</span>
<span class="r-out co"><span class="r-pr">#&gt;</span> 2006-04-30  0.001330360 -0.002943741</span>
<span class="r-out co"><span class="r-pr">#&gt;</span> 2006-05-31  0.000233945  0.009323326</span>
<span class="r-out co"><span class="r-pr">#&gt;</span> 2006-06-30 -0.000548353  0.014473814</span>
<span class="r-out co"><span class="r-pr">#&gt;</span> 2006-07-31  0.000077800  0.000267236</span>
<span class="r-out co"><span class="r-pr">#&gt;</span> 2006-08-31  0.000921518 -0.001466397</span>
<span class="r-out co"><span class="r-pr">#&gt;</span> 2006-09-30 -0.001218862  0.001409431</span>
<span class="r-out co"><span class="r-pr">#&gt;</span> 2006-10-31  0.002819157 -0.008238610</span>
<span class="r-out co"><span class="r-pr">#&gt;</span> 2006-11-30  0.000453412 -0.008646808</span>
<span class="r-out co"><span class="r-pr">#&gt;</span> 2006-12-31  0.001144121 -0.001101976</span>
<span class="r-in"><span>   <span class="fu">is.unsorted</span><span class="op">(</span><span class="va">reverted</span><span class="op">)</span></span></span>
<span class="r-out co"><span class="r-pr">#&gt;</span> [1] FALSE</span>
</code></pre></div>
    </div>
  </main><aside class="col-md-3"><nav id="toc"><h2>On this page</h2>
    </nav></aside></div>


    <footer><div class="pkgdown-footer-left">
  <p></p><p>Developed by Diethelm Wuertz, Tobias Setz, Yohan Chalabi, Georgi N. Boshnakov.</p>
</div>

<div class="pkgdown-footer-right">
  <p></p><p>Site built with <a href="https://pkgdown.r-lib.org/" class="external-link">pkgdown</a> 2.0.7.</p>
</div>

    </footer></div>

  

  

  </body></html>

